<?xml version="1.0" encoding="utf-8"?>
<COLLADA xmlns="http://www.collada.org/2005/11/COLLADASchema" version="1.4.1">
  <asset>
    <contributor>
      <author>Mixamo</author>
      <authoring_tool>COLLADA Mixamo exporter</authoring_tool>
      <comments/>
    </contributor>
    <created>2024-12-13T09:34:10Z</created>
    <modified>2024-12-13T09:34:10Z</modified>
    <revision/>
    <title/>
    <unit meter="0.010000"/>
    <up_axis>Y_UP</up_axis>
  </asset>
  <library_animations>
    <animation id="mixamorig_Hips-anim" name="mixamorig_Hips">
      <source id="mixamorig_Hips-Matrix-animation-input">
        <float_array id="mixamorig_Hips-Matrix-animation-input-array" count="55">

0.000000 0.033333 0.066667 0.100000 0.133333 0.166667 0.200000 0.233333 0.266667 0.300000 0.333333 0.366667 0.400000 0.433333 0.466667 0.500000
0.533333 0.566667 0.600000 0.633333 0.666667 0.700000 0.733333 0.766667 0.800000 0.833333 0.866667 0.900000 0.933333 0.966667 1.000000 1.033333
1.066667 1.100000 1.133333 1.166667 1.200000 1.233333 1.266667 1.300000 1.333333 1.366667 1.400000 1.433333 1.466667 1.500000 1.533333 1.566667
1.600000 1.633333 1.666667 1.700000 1.733333 1.766667 1.800000</float_array>
        <technique_common>
          <accessor source="#mixamorig_Hips-Matrix-animation-input-array" count="55">
            <param name="TIME" type="float"/>
          </accessor>
        </technique_common>
      </source>
      <source id="mixamorig_Hips-Matrix-animation-output-transform">
        <float_array id="mixamorig_Hips-Matrix-animation-output-transform-array" count="880">

0.962914 -0.000868 -0.269808 -0.025210 -0.022846 0.996141 -0.084740 98.475395 0.268840 0.087762 0.959178 0.079334 0.000000 0.000000 0.000000 1.000000
0.942862 -0.010565 -0.333017 -0.743927 -0.012421 0.997688 -0.066817 98.569992 0.332953 0.067136 0.940550 -0.107567 0.000000 0.000000 0.000000 1.000000
0.898583 0.022843 -0.438208 -1.510733 -0.036039 0.999112 -0.021819 98.154404 0.437320 0.035399 0.898609 0.037831 0.000000 0.000000 0.000000 1.000000
0.816186 0.090685 -0.570629 -2.309430 -0.082401 0.995780 0.040389 97.095650 0.571883 0.014055 0.820214 0.538579 0.000000 0.000000 0.000000 1.000000
0.686785 0.174178 -0.705683 -3.069084 -0.138950 0.984420 0.107748 95.259560 0.713456 0.024055 0.700287 1.446889 0.000000 0.000000 0.000000 1.000000
0.531555 0.243436 -0.811288 -3.719915 -0.192715 0.967448 0.164028 93.002167 0.824809 0.069158 0.561166 2.853457 0.000000 0.000000 0.000000 1.000000
0.375582 0.279664 -0.883587 -4.304160 -0.233244 0.951222 0.201927 91.140953 0.896959 0.130252 0.422491 4.889438 0.000000 0.000000 0.000000 1.000000
0.206136 0.280376 -0.937495 -4.805678 -0.259806 0.939367 0.223810 90.100937 0.943403 0.197432 0.266481 7.958903 0.000000 0.000000 0.000000 1.000000
-0.019642 0.241695 -0.970154 -5.602363 -0.264840 0.934421 0.238154 90.112244 0.964092 0.261613 0.045657 12.419922 0.000000 0.000000 0.000000 1.000000
-0.319139 0.163292 -0.933534 -7.079588 -0.239335 0.939228 0.246108 91.175476 0.916989 0.301971 -0.260663 17.952030 0.000000 0.000000 0.000000 1.000000
-0.636425 0.066810 -0.768440 -9.341829 -0.186820 0.953228 0.237600 93.065140 0.748372 0.294775 -0.594177 23.557999 0.000000 0.000000 0.000000 1.000000
-0.879342 -0.014631 -0.475965 -12.010643 -0.133169 0.967203 0.216299 94.849068 0.457190 0.253585 -0.852451 28.475988 0.000000 0.000000 0.000000 1.000000
-0.991913 -0.057954 -0.112916 -14.815492 -0.079490 0.977234 0.196711 95.975159 0.098945 0.204096 -0.973938 32.371223 0.000000 0.000000 0.000000 1.000000
-0.966898 -0.074580 0.244019 -17.595285 -0.031414 0.983849 0.176222 96.423904 -0.253221 0.162723 -0.953625 35.235085 0.000000 0.000000 0.000000 1.000000
-0.851389 -0.082460 0.518012 -20.354870 -0.003739 0.988495 0.151209 96.142586 -0.524521 0.126801 -0.841902 37.253456 0.000000 0.000000 0.000000 1.000000
-0.717859 -0.099221 0.689082 -23.027472 -0.009198 0.991057 0.133121 95.587196 -0.696128 0.089224 -0.712352 38.632107 0.000000 0.000000 0.000000 1.000000
-0.587335 -0.122968 0.799948 -25.408903 -0.032807 0.991195 0.128280 95.163345 -0.808679 0.049100 -0.586198 39.749733 0.000000 0.000000 0.000000 1.000000
-0.419069 -0.141024 0.896936 -27.300446 -0.050408 0.989954 0.132098 94.883316 -0.906554 0.010145 -0.421968 41.234253 0.000000 0.000000 0.000000 1.000000
-0.181877 -0.148891 0.971984 -28.556643 -0.055001 0.988463 0.141124 94.587402 -0.981782 -0.027793 -0.187968 43.671535 0.000000 0.000000 0.000000 1.000000
0.084664 -0.156766 0.984000 -29.131365 -0.057424 0.985137 0.161888 94.175339 -0.994754 -0.070211 0.074403 47.175564 0.000000 0.000000 0.000000 1.000000
0.312635 -0.176240 0.933380 -29.021612 -0.071676 0.975458 0.208193 93.903488 -0.947165 -0.131990 0.292330 51.001453 0.000000 0.000000 0.000000 1.000000
0.479205 -0.204819 0.853470 -28.350569 -0.092832 0.955109 0.281334 93.944847 -0.872780 -0.214046 0.438680 54.572891 0.000000 0.000000 0.000000 1.000000
0.606721 -0.220920 0.763600 -27.353045 -0.111173 0.927582 0.356695 94.368019 -0.787103 -0.301306 0.538223 57.538475 0.000000 0.000000 0.000000 1.000000
0.723453 -0.192885 0.662881 -26.040741 -0.119788 0.910541 0.395683 95.299309 -0.679902 -0.365663 0.635628 59.886959 0.000000 0.000000 0.000000 1.000000
0.832006 -0.111811 0.543382 -24.784302 -0.123570 0.917521 0.378002 96.410568 -0.540829 -0.381646 0.749566 61.909908 0.000000 0.000000 0.000000 1.000000
0.917239 -0.006408 0.398287 -23.937916 -0.128041 0.942065 0.310029 97.087807 -0.377199 -0.335368 0.863278 64.027596 0.000000 0.000000 0.000000 1.000000
0.971160 0.073157 0.226927 -22.968107 -0.124365 0.967462 0.220342 97.362839 -0.203424 -0.242209 0.948659 66.681229 0.000000 0.000000 0.000000 1.000000
0.993783 0.103196 0.041793 -21.502424 -0.108046 0.984478 0.138311 97.938736 -0.026871 -0.141966 0.989507 69.808563 0.000000 0.000000 0.000000 1.000000
0.984738 0.097491 -0.144177 -19.310865 -0.086826 0.993125 0.078514 98.299637 0.150840 -0.064798 0.986432 73.350533 0.000000 0.000000 0.000000 1.000000
0.944817 0.085385 -0.316276 -16.905809 -0.075791 0.996216 0.042534 98.613403 0.318711 -0.016216 0.947713 77.742928 0.000000 0.000000 0.000000 1.000000
0.884846 0.083122 -0.458407 -14.903156 -0.080002 0.996449 0.026259 98.807510 0.458962 0.013438 0.888354 82.522896 0.000000 0.000000 0.000000 1.000000
0.823314 0.087517 -0.560799 -13.385341 -0.089061 0.995721 0.024638 98.655098 0.560555 0.029660 0.827586 86.798058 0.000000 0.000000 0.000000 1.000000
0.776054 0.091242 -0.624031 -12.117863 -0.090541 0.995348 0.032936 98.297768 0.624133 0.030941 0.780705 90.020569 0.000000 0.000000 0.000000 1.000000
0.748649 0.092935 -0.656420 -10.943432 -0.082192 0.995498 0.047201 97.961578 0.657851 0.018616 0.752918 92.138611 0.000000 0.000000 0.000000 1.000000
0.737846 0.095305 -0.668207 -10.022868 -0.071127 0.995448 0.063438 97.833832 0.671211 0.000720 0.741266 93.327965 0.000000 0.000000 0.000000 1.000000
0.737230 0.098240 -0.668461 -9.550276 -0.062343 0.995043 0.077479 97.945381 0.672759 -0.015446 0.739700 93.883621 0.000000 0.000000 0.000000 1.000000
0.743385 0.099736 -0.661386 -9.254526 -0.056614 0.994654 0.086360 97.773857 0.666463 -0.026755 0.745058 94.395058 0.000000 0.000000 0.000000 1.000000
0.755443 0.098485 -0.647770 -9.049166 -0.053691 0.994619 0.088603 97.387482 0.653011 -0.032155 0.756666 94.981659 0.000000 0.000000 0.000000 1.000000
0.773267 0.092301 -0.627327 -8.807240 -0.051786 0.995236 0.082600 96.973244 0.631962 -0.031385 0.774363 95.699509 0.000000 0.000000 0.000000 1.000000
0.796022 0.080194 -0.599932 -8.342747 -0.048882 0.996464 0.068339 96.661949 0.603291 -0.025073 0.797127 96.709297 0.000000 0.000000 0.000000 1.000000
0.820940 0.064922 -0.567312 -7.501319 -0.043206 0.997730 0.051657 96.581253 0.569378 -0.017896 0.821881 98.373932 0.000000 0.000000 0.000000 1.000000
0.843616 0.053208 -0.534304 -6.221851 -0.036846 0.998469 0.041255 96.656647 0.535681 -0.015117 0.844285 100.493835 0.000000 0.000000 0.000000 1.000000
0.861117 0.050186 -0.505924 -4.644794 -0.035337 0.998618 0.038914 96.734528 0.507177 -0.015632 0.861700 102.813560 0.000000 0.000000 0.000000 1.000000
0.874375 0.051853 -0.482473 -3.021563 -0.039143 0.998571 0.036382 96.720726 0.483670 -0.012926 0.875155 105.160591 0.000000 0.000000 0.000000 1.000000
0.886175 0.049964 -0.460649 -1.680386 -0.044625 0.998751 0.022482 96.574951 0.461197 0.000633 0.887297 107.473236 0.000000 0.000000 0.000000 1.000000
0.896746 0.044741 -0.440279 -0.922887 -0.046491 0.998895 0.006817 96.597755 0.440097 0.014356 0.897835 109.980461 0.000000 0.000000 0.000000 1.000000
0.906225 0.039819 -0.420916 -0.514644 -0.046670 0.998892 -0.005984 96.753311 0.420211 0.025067 0.907080 111.585129 0.000000 0.000000 0.000000 1.000000
0.915019 0.034792 -0.401907 -0.256151 -0.045708 0.998800 -0.017599 96.939682 0.400812 0.034473 0.915511 112.698990 0.000000 0.000000 0.000000 1.000000
0.923211 0.029631 -0.383149 -0.116847 -0.043772 0.998642 -0.028241 97.154358 0.381792 0.042843 0.923255 113.436165 0.000000 0.000000 0.000000 1.000000
0.930871 0.024329 -0.364537 -0.066693 -0.041029 0.998430 -0.038134 97.384697 0.363037 0.050454 0.930408 113.880608 0.000000 0.000000 0.000000 1.000000
0.938055 0.018968 -0.345968 -0.073308 -0.037706 0.998159 -0.047510 97.621819 0.344430 0.057612 0.937043 114.128242 0.000000 0.000000 0.000000 1.000000
0.944810 0.013694 -0.327333 -0.103905 -0.034075 0.997815 -0.056609 97.858932 0.325842 0.064638 0.943212 114.279938 0.000000 0.000000 0.000000 1.000000
0.951181 0.008613 -0.308514 -0.127015 -0.030334 0.997380 -0.065677 98.086945 0.307140 0.071830 0.948950 114.428413 0.000000 0.000000 0.000000 1.000000
0.957202 0.003861 -0.289394 -0.110026 -0.026686 0.996829 -0.074968 98.296562 0.288187 0.079483 0.954270 114.665421 0.000000 0.000000 0.000000 1.000000
0.962906 -0.000464 -0.269837 -0.021131 -0.023267 0.996131 -0.084740 98.479836 0.268832 0.087875 0.959170 115.083298 0.000000 0.000000 0.000000 1.000000</float_array>
        <technique_common>
          <accessor source="#mixamorig_Hips-Matrix-animation-output-transform-array" count="55" stride="16">
            <param type="float4x4"/>
          </accessor>
        </technique_common>
      </source>
      <source id="mixamorig_Hips-Interpolations">
        <Name_array id="mixamorig_Hips-Interpolations-array" count="55">
 LINEAR LINEAR LINEAR LINEAR LINEAR LINEAR LINEAR LINEAR LINEAR LINEAR LINEAR
LINEAR LINEAR LINEAR LINEAR LINEAR LINEAR LINEAR LINEAR LINEAR LINEAR LINEAR LINEAR
LINEAR LINEAR LINEAR LINEAR LINEAR LINEAR LINEAR LINEAR LINEAR LINEAR LINEAR LINEAR
LINEAR LINEAR LINEAR LINEAR LINEAR LINEAR LINEAR LINEAR LINEAR LINEAR LINEAR LINEAR
LINEAR LINEAR LINEAR LINEAR LINEAR LINEAR LINEAR LINEAR</Name_array>
        <technique_common>
          <accessor source="#mixamorig_Hips-Interpolations-array" count="55">
            <param type="name"/>
          </accessor>
        </technique_common>
      </source>
      <sampler id="mixamorig_Hips-Matrix-animation-transform">
        <input semantic="INPUT" source="#mixamorig_Hips-Matrix-animation-input"/>
        <input semantic="OUTPUT" source="#mixamorig_Hips-Matrix-animation-output-transform"/>
        <input semantic="INTERPOLATION" source="#mixamorig_Hips-Interpolations"/>
      </sampler>
      <channel source="#mixamorig_Hips-Matrix-animation-transform" target="mixamorig_Hips/matrix"/>
    </animation>
    <animation id="mixamorig_Spine-anim" name="mixamorig_Spine">
      <source id="mixamorig_Spine-Matrix-animation-input">
        <float_array id="mixamorig_Spine-Matrix-animation-input-array" count="55">

0.000000 0.033333 0.066667 0.100000 0.133333 0.166667 0.200000 0.233333 0.266667 0.300000 0.333333 0.366667 0.400000 0.433333 0.466667 0.500000
0.533333 0.566667 0.600000 0.633333 0.666667 0.700000 0.733333 0.766667 0.800000 0.833333 0.866667 0.900000 0.933333 0.966667 1.000000 1.033333
1.066667 1.100000 1.133333 1.166667 1.200000 1.233333 1.266667 1.300000 1.333333 1.366667 1.400000 1.433333 1.466667 1.500000 1.533333 1.566667
1.600000 1.633333 1.666667 1.700000 1.733333 1.766667 1.800000</float_array>
        <technique_common>
          <accessor source="#mixamorig_Spine-Matrix-animation-input-array" count="55">
            <param name="TIME" type="float"/>
          </accessor>
        </technique_common>
      </source>
      <source id="mixamorig_Spine-Matrix-animation-output-transform">
        <float_array id="mixamorig_Spine-Matrix-animation-output-transform-array" count="880">

0.997017 -0.003013 0.077128 0.000000 0.026985 0.949790 -0.311721 10.181600 -0.072316 0.312872 0.947038 0.000000 0.000000 0.000000 0.000000 1.000000
0.996080 0.051621 0.071834 -0.000000 -0.027832 0.953715 -0.299420 10.181600 -0.083966 0.296247 0.951413 0.000000 0.000000 0.000000 0.000000 1.000000
0.992833 0.086441 0.082523 0.000000 -0.061911 0.962664 -0.263523 10.181600 -0.102221 0.256526 0.961117 0.000000 0.000000 0.000000 0.000000 1.000000
0.991053 0.091994 0.096701 0.000000 -0.072129 0.978761 -0.191898 10.181600 -0.112300 0.183206 0.976639 0.000000 0.000000 0.000000 0.000000 1.000000
0.994710 0.059635 0.083635 -0.000000 -0.051298 0.993813 -0.098515 10.181600 -0.088992 0.093703 0.991615 0.000000 0.000000 0.000000 0.000000 1.000000
0.999702 0.000675 0.024402 0.000000 0.000027 0.999586 -0.028782 10.181600 -0.024411 0.028774 0.999288 0.000000 0.000000 0.000000 0.000000 1.000000
0.996308 -0.053993 -0.066751 -0.000000 0.052256 0.998255 -0.027505 10.181600 0.068120 0.023915 0.997390 0.000000 0.000000 0.000000 0.000000 1.000000
0.979963 -0.123332 -0.156401 -0.000000 0.109830 0.989661 -0.092247 10.181600 0.166160 0.073221 0.983377 -0.000000 0.000000 0.000000 0.000000 1.000000
0.952674 -0.208962 -0.220788 0.000000 0.178371 0.972365 -0.150630 10.181600 0.246163 0.104119 0.963620 -0.000000 0.000000 0.000000 0.000000 1.000000
0.928119 -0.298716 -0.222182 0.000000 0.243922 0.938795 -0.243242 10.181600 0.281243 0.171562 0.944176 -0.000000 0.000000 0.000000 0.000000 1.000000
0.925118 -0.362163 -0.113991 -0.000000 0.270029 0.838653 -0.473017 10.181600 0.266909 0.406816 0.873648 0.000000 0.000000 0.000000 0.000000 1.000000
0.939065 -0.342040 -0.034134 0.000000 0.263364 0.779747 -0.568009 10.181600 0.220898 0.524408 0.822314 0.000000 0.000000 0.000000 0.000000 1.000000
0.964466 -0.263121 -0.023928 0.000000 0.206909 0.808522 -0.550891 10.181600 0.164297 0.526365 0.834234 0.000000 0.000000 0.000000 0.000000 1.000000
0.986007 -0.161480 -0.041401 0.000000 0.118423 0.853291 -0.507810 10.181600 0.117328 0.495801 0.860474 0.000000 0.000000 0.000000 0.000000 1.000000
0.992975 -0.080671 -0.086560 0.000000 0.028093 0.871375 -0.489813 10.181600 0.114940 0.483940 0.867520 -0.000000 0.000000 0.000000 0.000000 1.000000
0.987027 -0.045051 -0.154103 0.000000 -0.034739 0.877162 -0.478936 10.181600 0.156750 0.478076 0.864218 0.000000 0.000000 0.000000 0.000000 1.000000
0.977818 -0.036900 -0.206181 -0.000000 -0.067407 0.876558 -0.476552 10.181600 0.198315 0.479879 0.854627 0.000000 0.000000 0.000000 0.000000 1.000000
0.977692 -0.018250 -0.209251 -0.000000 -0.085028 0.876554 -0.473733 10.181600 0.192065 0.480957 0.855448 -0.000000 0.000000 0.000000 0.000000 1.000000
0.983736 0.042855 -0.174433 0.000000 -0.120123 0.878970 -0.461500 10.181600 0.133544 0.474947 0.869822 -0.000000 0.000000 0.000000 0.000000 1.000000
0.977856 0.150654 -0.145263 0.000000 -0.199015 0.884123 -0.422753 10.181600 0.064741 0.442301 0.894527 0.000000 0.000000 0.000000 0.000000 1.000000
0.952265 0.268603 -0.145064 0.000000 -0.303096 0.888541 -0.344422 10.181600 0.036383 0.371950 0.927540 0.000000 0.000000 0.000000 0.000000 1.000000
0.912768 0.372544 -0.167530 0.000000 -0.404025 0.883792 -0.235957 10.181600 0.060157 0.283061 0.957214 0.000000 0.000000 0.000000 0.000000 1.000000
0.874296 0.445103 -0.193624 0.000000 -0.471750 0.873102 -0.123063 10.181600 0.114278 0.198935 0.973327 0.000000 0.000000 0.000000 0.000000 1.000000
0.849852 0.481273 -0.214776 0.000000 -0.495784 0.868297 -0.016088 10.181600 0.178747 0.120154 0.976531 0.000000 0.000000 0.000000 0.000000 1.000000
0.844879 0.482653 -0.230708 0.000000 -0.477740 0.874798 0.080584 10.181600 0.240717 0.042135 0.969680 0.000000 0.000000 0.000000 0.000000 1.000000
0.856733 0.448826 -0.254096 0.000000 -0.422215 0.893273 0.154267 10.181600 0.296216 -0.024882 0.954797 0.000000 0.000000 0.000000 0.000000 1.000000
0.877155 0.383261 -0.289328 -0.000000 -0.341488 0.921438 0.185306 10.181600 0.337618 -0.063740 0.939122 0.000000 0.000000 0.000000 0.000000 1.000000
0.904415 0.283330 -0.318994 0.000000 -0.237819 0.955520 0.174425 10.181600 0.354225 -0.081890 0.931568 0.000000 0.000000 0.000000 0.000000 1.000000
0.935123 0.169051 -0.311394 0.000000 -0.126868 0.980325 0.151217 10.181600 0.330831 -0.101900 0.938172 0.000000 0.000000 0.000000 0.000000 1.000000
0.961771 0.060467 -0.267095 0.000000 -0.021750 0.989104 0.145602 10.181600 0.272988 -0.134227 0.952607 -0.000000 0.000000 0.000000 0.000000 1.000000
0.973604 -0.022543 -0.227127 -0.000000 0.059743 0.985587 0.158271 10.181600 0.220285 -0.167663 0.960918 0.000000 0.000000 0.000000 0.000000 1.000000
0.972670 -0.064108 -0.223166 0.000000 0.101604 0.981740 0.160821 10.181600 0.208782 -0.179100 0.961423 0.000000 0.000000 0.000000 0.000000 1.000000
0.969381 -0.059565 -0.238227 0.000000 0.094904 0.985630 0.139737 10.181600 0.226480 -0.158067 0.961104 0.000000 0.000000 0.000000 0.000000 1.000000
0.969897 -0.025412 -0.242188 0.000000 0.051388 0.993502 0.101552 10.181600 0.238033 -0.110940 0.964900 0.000000 0.000000 0.000000 0.000000 1.000000
0.973582 0.016155 -0.227767 0.000000 -0.004177 0.998587 0.052972 10.181600 0.228301 -0.050621 0.972274 0.000000 0.000000 0.000000 0.000000 1.000000
0.977535 0.055410 -0.203361 0.000000 -0.056910 0.998378 -0.001530 10.181600 0.202947 0.013069 0.979103 0.000000 0.000000 0.000000 0.000000 1.000000
0.980016 0.086807 -0.178976 0.000000 -0.099691 0.992940 -0.064281 10.181600 0.172133 0.080838 0.981751 0.000000 0.000000 0.000000 0.000000 1.000000
0.982235 0.108259 -0.153279 0.000000 -0.130586 0.980923 -0.144005 10.181600 0.134765 0.161463 0.977634 0.000000 0.000000 0.000000 0.000000 1.000000
0.984958 0.126552 -0.117651 0.000000 -0.148396 0.968338 -0.200751 10.181600 0.088520 0.215190 0.972552 0.000000 0.000000 0.000000 0.000000 1.000000
0.987846 0.141254 -0.064863 0.000000 -0.151359 0.969119 -0.194676 10.181600 0.035361 0.202128 0.978721 0.000000 0.000000 0.000000 0.000000 1.000000
0.990757 0.135622 -0.002549 0.000000 -0.134579 0.980432 -0.143673 10.181600 -0.016986 0.142689 0.989622 0.000000 0.000000 0.000000 0.000000 1.000000
0.992631 0.113562 0.042288 0.000000 -0.103933 0.977272 -0.184763 10.181600 -0.062309 0.179006 0.981873 0.000000 0.000000 0.000000 0.000000 1.000000
0.993552 0.083522 0.076674 0.000000 -0.060454 0.962365 -0.264950 10.181600 -0.095918 0.258606 0.961209 0.000000 0.000000 0.000000 0.000000 1.000000
0.993310 0.047428 0.105288 0.000000 -0.012208 0.949784 -0.312669 10.181600 -0.114830 0.309292 0.944009 0.000000 0.000000 0.000000 0.000000 1.000000
0.991616 0.021058 0.127489 0.000000 0.022658 0.943009 -0.331995 10.181600 -0.127214 0.332100 0.934626 0.000000 0.000000 0.000000 0.000000 1.000000
0.990557 0.008304 0.136853 -0.000000 0.038790 0.940407 -0.337831 10.181600 -0.131503 0.339949 0.931204 0.000000 0.000000 0.000000 0.000000 1.000000
0.990452 0.001115 0.137857 -0.000000 0.046129 0.939647 -0.339021 10.181600 -0.129915 0.342143 0.930623 -0.000000 0.000000 0.000000 0.000000 1.000000
0.990809 -0.003527 0.135225 0.000000 0.049497 0.939786 -0.338160 10.181600 -0.125890 0.341745 0.931323 0.000000 0.000000 0.000000 0.000000 1.000000
0.991544 -0.006097 0.129625 -0.000000 0.049666 0.940669 -0.335672 10.181600 -0.119888 0.339271 0.933018 -0.000000 0.000000 0.000000 0.000000 1.000000
0.992533 -0.007016 0.121777 0.000000 0.047398 0.942076 -0.332033 10.181600 -0.112394 0.335325 0.935374 -0.000000 0.000000 0.000000 0.000000 1.000000
0.993633 -0.006812 0.112460 0.000000 0.043556 0.943787 -0.327673 10.181600 -0.103907 0.330485 0.938074 0.000000 0.000000 0.000000 0.000000 1.000000
0.994716 -0.006097 0.102486 0.000000 0.039076 0.945591 -0.323003 10.181600 -0.094941 0.325301 0.940832 0.000000 0.000000 0.000000 0.000000 1.000000
0.995684 -0.005475 0.092651 0.000000 0.034841 0.947300 -0.318448 10.181600 -0.086025 0.320302 0.943402 -0.000000 0.000000 0.000000 0.000000 1.000000
0.996470 -0.005598 0.083767 0.000000 0.031762 0.948747 -0.314437 10.181600 -0.077713 0.315988 0.945575 0.000000 0.000000 0.000000 0.000000 1.000000
0.997035 -0.007109 0.076621 -0.000000 0.030703 0.949782 -0.311401 10.181600 -0.070560 0.312830 0.947185 -0.000000 0.000000 0.000000 0.000000 1.000000</float_array>
        <technique_common>
          <accessor source="#mixamorig_Spine-Matrix-animation-output-transform-array" count="55" stride="16">
            <param type="float4x4"/>
          </accessor>
        </technique_common>
      </source>
      <source id="mixamorig_Spine-Interpolations">
        <Name_array id="mixamorig_Spine-Interpolations-array" count="55">
 LINEAR LINEAR LINEAR LINEAR LINEAR LINEAR LINEAR LINEAR LINEAR LINEAR LINEAR
LINEAR LINEAR LINEAR LINEAR LINEAR LINEAR LINEAR LINEAR LINEAR LINEAR LINEAR LINEAR
LINEAR LINEAR LINEAR LINEAR LINEAR LINEAR LINEAR LINEAR LINEAR LINEAR LINEAR LINEAR
LINEAR LINEAR LINEAR LINEAR LINEAR LINEAR LINEAR LINEAR LINEAR LINEAR LINEAR LINEAR
LINEAR LINEAR LINEAR LINEAR LINEAR LINEAR LINEAR LINEAR</Name_array>
        <technique_common>
          <accessor source="#mixamorig_Spine-Interpolations-array" count="55">
            <param type="name"/>
          </accessor>
        </technique_common>
      </source>
      <sampler id="mixamorig_Spine-Matrix-animation-transform">
        <input semantic="INPUT" source="#mixamorig_Spine-Matrix-animation-input"/>
        <input semantic="OUTPUT" source="#mixamorig_Spine-Matrix-animation-output-transform"/>
        <input semantic="INTERPOLATION" source="#mixamorig_Spine-Interpolations"/>
      </sampler>
      <channel source="#mixamorig_Spine-Matrix-animation-transform" target="mixamorig_Spine/matrix"/>
    </animation>
    <animation id="mixamorig_Spine1-anim" name="mixamorig_Spine1">
      <source id="mixamorig_Spine1-Matrix-animation-input">
        <float_array id="mixamorig_Spine1-Matrix-animation-input-array" count="55">

0.000000 0.033333 0.066667 0.100000 0.133333 0.166667 0.200000 0.233333 0.266667 0.300000 0.333333 0.366667 0.400000 0.433333 0.466667 0.500000
0.533333 0.566667 0.600000 0.633333 0.666667 0.700000 0.733333 0.766667 0.800000 0.833333 0.866667 0.900000 0.933333 0.966667 1.000000 1.033333
1.066667 1.100000 1.133333 1.166667 1.200000 1.233333 1.266667 1.300000 1.333333 1.366667 1.400000 1.433333 1.466667 1.500000 1.533333 1.566667
1.600000 1.633333 1.666667 1.700000 1.733333 1.766667 1.800000</float_array>
        <technique_common>
          <accessor source="#mixamorig_Spine1-Matrix-animation-input-array" count="55">
            <param name="TIME" type="float"/>
          </accessor>
        </technique_common>
      </source>
      <source id="mixamorig_Spine1-Matrix-animation-output-transform">
        <float_array id="mixamorig_Spine1-Matrix-animation-output-transform-array" count="880">

0.999658 0.011348 0.023559 -0.000000 -0.011295 0.999933 -0.002382 10.133000 -0.023585 0.002115 0.999720 0.000000 0.000000 0.000000 0.000000 1.000000
0.999678 0.004435 0.025004 0.000000 -0.004291 0.999974 -0.005806 10.133000 -0.025029 0.005697 0.999670 0.000000 0.000000 0.000000 0.000000 1.000000
0.999580 -0.010185 0.027120 0.000000 0.010619 0.999817 -0.015909 10.133000 -0.026953 0.016190 0.999506 -0.000000 0.000000 0.000000 0.000000 1.000000
0.999180 -0.030495 0.026634 0.000000 0.031526 0.998735 -0.039162 10.133000 -0.025406 0.039969 0.998878 0.000000 0.000000 0.000000 0.000000 1.000000
0.998488 -0.050281 0.022195 0.000000 0.051721 0.996210 -0.069928 10.133000 -0.018595 0.070970 0.997305 0.000000 0.000000 0.000000 0.000000 1.000000
0.997831 -0.065022 0.010250 0.000000 0.065722 0.992824 -0.099901 10.133000 -0.003680 0.100358 0.994945 -0.000000 0.000000 0.000000 0.000000 1.000000
0.996498 -0.083542 -0.003566 0.000000 0.082483 0.989078 -0.122156 10.133000 0.013732 0.121434 0.992505 0.000000 0.000000 0.000000 0.000000 1.000000
0.995116 -0.097294 -0.016691 0.000000 0.093885 0.985037 -0.144524 10.133000 0.030503 0.142251 0.989361 0.000000 0.000000 0.000000 0.000000 1.000000
0.995638 -0.090550 -0.022470 -0.000000 0.083760 0.973636 -0.212174 10.133000 0.041090 0.209367 0.976973 -0.000000 0.000000 0.000000 0.000000 1.000000
0.997975 -0.058168 -0.025753 0.000000 0.049810 0.966330 -0.252440 10.133000 0.039569 0.250646 0.967270 -0.000000 0.000000 0.000000 0.000000 1.000000
0.999543 -0.019175 -0.023379 0.000000 0.016059 0.991788 -0.126879 10.133000 0.025620 0.126445 0.991643 0.000000 0.000000 0.000000 0.000000 1.000000
0.999427 0.029363 -0.016842 0.000000 -0.030763 0.995472 -0.089937 10.133000 0.014125 0.090404 0.995805 0.000000 0.000000 0.000000 0.000000 1.000000
0.996653 0.081219 -0.009270 0.000000 -0.081705 0.986117 -0.144562 10.133000 -0.002600 0.144835 0.989452 0.000000 0.000000 0.000000 0.000000 1.000000
0.991511 0.129844 -0.006862 0.000000 -0.128875 0.974366 -0.184398 10.133000 -0.017257 0.183717 0.982828 0.000000 0.000000 0.000000 0.000000 1.000000
0.986028 0.166185 -0.011465 0.000000 -0.165793 0.972361 -0.164401 10.133000 -0.016173 0.164005 0.986327 0.000000 0.000000 0.000000 0.000000 1.000000
0.982886 0.182516 -0.024964 -0.000000 -0.184213 0.973118 -0.138231 10.133000 -0.000937 0.140464 0.990085 -0.000000 0.000000 0.000000 0.000000 1.000000
0.982177 0.183416 -0.041081 0.000000 -0.187154 0.974541 -0.123465 10.133000 0.017390 0.128953 0.991498 0.000000 0.000000 0.000000 0.000000 1.000000
0.983057 0.175702 -0.052232 0.000000 -0.180776 0.976458 -0.117688 10.133000 0.030324 0.125136 0.991676 -0.000000 0.000000 0.000000 0.000000 1.000000
0.985814 0.158060 -0.056469 -0.000000 -0.163664 0.979842 -0.114563 10.133000 0.037223 0.122179 0.991810 -0.000000 0.000000 0.000000 0.000000 1.000000
0.989368 0.130649 -0.063894 0.000000 -0.137620 0.983095 -0.120768 10.133000 0.047036 0.128277 0.990622 0.000000 0.000000 0.000000 0.000000 1.000000
0.991032 0.102029 -0.086290 0.000000 -0.113603 0.983320 -0.142042 10.133000 0.070359 0.150571 0.986092 -0.000000 0.000000 0.000000 0.000000 1.000000
0.988993 0.076229 -0.126816 0.000000 -0.098038 0.979539 -0.175758 10.133000 0.110823 0.186257 0.976231 -0.000000 0.000000 0.000000 0.000000 1.000000
0.981996 0.063534 -0.177899 0.000000 -0.100969 0.972465 -0.210040 10.133000 0.159656 0.224220 0.961371 0.000000 0.000000 0.000000 0.000000 1.000000
0.974636 0.062702 -0.214833 0.000000 -0.111948 0.967812 -0.225407 10.133000 0.193784 0.243740 0.950283 0.000000 0.000000 0.000000 0.000000 1.000000
0.973262 0.052849 -0.223534 -0.000000 -0.102953 0.970313 -0.218846 10.133000 0.205332 0.236008 0.949810 0.000000 0.000000 0.000000 0.000000 1.000000
0.976664 0.026993 -0.213070 -0.000000 -0.070050 0.977856 -0.197209 10.133000 0.203028 0.207533 0.956927 0.000000 0.000000 0.000000 0.000000 1.000000
0.980526 -0.010163 -0.196128 -0.000000 -0.023294 0.985592 -0.167527 10.133000 0.195005 0.168833 0.966162 0.000000 0.000000 0.000000 0.000000 1.000000
0.983605 -0.042167 -0.175335 0.000000 0.018294 0.990594 -0.135606 10.133000 0.179404 0.130175 0.975125 0.000000 0.000000 0.000000 0.000000 1.000000
0.987396 -0.067381 -0.143210 0.000000 0.052035 0.992752 -0.108329 10.133000 0.149471 0.099512 0.983746 0.000000 0.000000 0.000000 0.000000 1.000000
0.990651 -0.084712 -0.106930 -0.000000 0.075302 0.993166 -0.089169 10.133000 0.113753 0.080283 0.990260 -0.000000 0.000000 0.000000 0.000000 1.000000
0.991751 -0.098377 -0.082175 -0.000000 0.091354 0.992162 -0.085258 10.133000 0.089918 0.077047 0.992964 0.000000 0.000000 0.000000 0.000000 1.000000
0.991352 -0.109427 -0.072436 0.000000 0.102609 0.990461 -0.091966 10.133000 0.081808 0.083738 0.993124 0.000000 0.000000 0.000000 0.000000 1.000000
0.990790 -0.116340 -0.069281 0.000000 0.109216 0.989076 -0.098998 10.133000 0.080042 0.090519 0.992673 0.000000 0.000000 0.000000 0.000000 1.000000
0.991232 -0.115219 -0.064681 0.000000 0.108512 0.989147 -0.099060 10.133000 0.075393 0.091173 0.992977 0.000000 0.000000 0.000000 0.000000 1.000000
0.992756 -0.105971 -0.056622 0.000000 0.100412 0.990557 -0.093351 10.133000 0.065980 0.086989 0.994022 0.000000 0.000000 0.000000 0.000000 1.000000
0.994535 -0.093476 -0.046496 -0.000000 0.089280 0.992342 -0.085356 10.133000 0.054119 0.080738 0.995265 -0.000000 0.000000 0.000000 0.000000 1.000000
0.996198 -0.077384 -0.040011 0.000000 0.074521 0.994852 -0.068676 10.133000 0.045119 0.065433 0.996836 0.000000 0.000000 0.000000 0.000000 1.000000
0.997452 -0.060419 -0.037931 -0.000000 0.059277 0.997774 -0.030534 10.133000 0.039691 0.028208 0.998814 -0.000000 0.000000 0.000000 0.000000 1.000000
0.998499 -0.047049 -0.028035 -0.000000 0.046940 0.998887 -0.004518 10.133000 0.028217 0.003195 0.999597 0.000000 0.000000 0.000000 0.000000 1.000000
0.999263 -0.037631 -0.007605 -0.000000 0.037386 0.998847 -0.030125 10.133000 0.008730 0.029819 0.999517 -0.000000 0.000000 0.000000 0.000000 1.000000
0.999510 -0.027351 0.015204 0.000000 0.028694 0.994918 -0.096515 10.133000 -0.012487 0.096904 0.995215 0.000000 0.000000 0.000000 0.000000 1.000000
0.999463 -0.019622 0.026248 0.000000 0.021857 0.995904 -0.087734 10.133000 -0.024419 0.088260 0.995798 0.000000 0.000000 0.000000 0.000000 1.000000
0.999289 -0.016580 0.033871 -0.000000 0.018254 0.998595 -0.049738 10.133000 -0.032999 0.050321 0.998188 -0.000000 0.000000 0.000000 0.000000 1.000000
0.999018 -0.014697 0.041809 0.000000 0.016214 0.999213 -0.036198 10.133000 -0.041244 0.036840 0.998470 0.000000 0.000000 0.000000 0.000000 1.000000
0.998847 -0.014902 0.045637 -0.000000 0.016322 0.999389 -0.030901 10.133000 -0.045149 0.031610 0.998480 0.000000 0.000000 0.000000 0.000000 1.000000
0.998847 -0.013488 0.046073 0.000000 0.014736 0.999530 -0.026865 10.133000 -0.045689 0.027513 0.998577 0.000000 0.000000 0.000000 0.000000 1.000000
0.998952 -0.011013 0.044419 0.000000 0.012075 0.999646 -0.023716 10.133000 -0.044142 0.024227 0.998731 -0.000000 0.000000 0.000000 0.000000 1.000000
0.999090 -0.008138 0.041869 0.000000 0.009015 0.999743 -0.020793 10.133000 -0.041689 0.021151 0.998907 0.000000 0.000000 0.000000 0.000000 1.000000
0.999242 -0.004956 0.038603 0.000000 0.005654 0.999823 -0.017971 10.133000 -0.038507 0.018176 0.999093 -0.000000 0.000000 0.000000 0.000000 1.000000
0.999393 -0.001535 0.034809 0.000000 0.002066 0.999882 -0.015227 10.133000 -0.034782 0.015289 0.999278 0.000000 0.000000 0.000000 0.000000 1.000000
0.999527 0.002044 0.030670 -0.000000 -0.001660 0.999920 -0.012534 10.133000 -0.030693 0.012477 0.999451 0.000000 0.000000 0.000000 0.000000 1.000000
0.999636 0.005690 0.026371 0.000000 -0.005432 0.999936 -0.009874 10.133000 -0.026426 0.009728 0.999603 -0.000000 0.000000 0.000000 0.000000 1.000000
0.999713 0.009307 0.022097 0.000000 -0.009149 0.999932 -0.007238 10.133000 -0.022162 0.007033 0.999730 -0.000000 0.000000 0.000000 0.000000 1.000000
0.999756 0.012791 0.018030 -0.000000 -0.012710 0.999909 -0.004622 10.133000 -0.018087 0.004392 0.999827 -0.000000 0.000000 0.000000 0.000000 1.000000
0.999768 0.016032 0.014351 0.000000 -0.016004 0.999870 -0.002030 10.133000 -0.014382 0.001800 0.999895 0.000000 0.000000 0.000000 0.000000 1.000000</float_array>
        <technique_common>
          <accessor source="#mixamorig_Spine1-Matrix-animation-output-transform-array" count="55" stride="16">
            <param type="float4x4"/>
          </accessor>
        </technique_common>
      </source>
      <source id="mixamorig_Spine1-Interpolations">
        <Name_array id="mixamorig_Spine1-Interpolations-array" count="55">
 LINEAR LINEAR LINEAR LINEAR LINEAR LINEAR LINEAR LINEAR LINEAR LINEAR LINEAR
LINEAR LINEAR LINEAR LINEAR LINEAR LINEAR LINEAR LINEAR LINEAR LINEAR LINEAR LINEAR
LINEAR LINEAR LINEAR LINEAR LINEAR LINEAR LINEAR LINEAR LINEAR LINEAR LINEAR LINEAR
LINEAR LINEAR LINEAR LINEAR LINEAR LINEAR LINEAR LINEAR LINEAR LINEAR LINEAR LINEAR
LINEAR LINEAR LINEAR LINEAR LINEAR LINEAR LINEAR LINEAR</Name_array>
        <technique_common>
          <accessor source="#mixamorig_Spine1-Interpolations-array" count="55">
            <param type="name"/>
          </accessor>
        </technique_common>
      </source>
      <sampler id="mixamorig_Spine1-Matrix-animation-transform">
        <input semantic="INPUT" source="#mixamorig_Spine1-Matrix-animation-input"/>
        <input semantic="OUTPUT" source="#mixamorig_Spine1-Matrix-animation-output-transform"/>
        <input semantic="INTERPOLATION" source="#mixamorig_Spine1-Interpolations"/>
      </sampler>
      <channel source="#mixamorig_Spine1-Matrix-animation-transform" target="mixamorig_Spine1/matrix"/>
    </animation>
    <animation id="mixamorig_Spine2-anim" name="mixamorig_Spine2">
      <source id="mixamorig_Spine2-Matrix-animation-input">
        <float_array id="mixamorig_Spine2-Matrix-animation-input-array" count="55">

0.000000 0.033333 0.066667 0.100000 0.133333 0.166667 0.200000 0.233333 0.266667 0.300000 0.333333 0.366667 0.400000 0.433333 0.466667 0.500000
0.533333 0.566667 0.600000 0.633333 0.666667 0.700000 0.733333 0.766667 0.800000 0.833333 0.866667 0.900000 0.933333 0.966667 1.000000 1.033333
1.066667 1.100000 1.133333 1.166667 1.200000 1.233333 1.266667 1.300000 1.333333 1.366667 1.400000 1.433333 1.466667 1.500000 1.533333 1.566667
1.600000 1.633333 1.666667 1.700000 1.733333 1.766667 1.800000</float_array>
        <technique_common>
          <accessor source="#mixamorig_Spine2-Matrix-animation-input-array" count="55">
            <param name="TIME" type="float"/>
          </accessor>
        </technique_common>
      </source>
      <source id="mixamorig_Spine2-Matrix-animation-output-transform">
        <float_array id="mixamorig_Spine2-Matrix-animation-output-transform-array" count="880">

0.999628 0.011151 0.024884 0.000000 -0.009629 0.998122 -0.060499 9.203100 -0.025512 0.060237 0.997858 -0.000000 0.000000 0.000000 0.000000 1.000000
0.999627 0.004373 0.026957 0.000000 -0.002654 0.997979 -0.063484 9.203100 -0.027180 0.063389 0.997619 0.000000 0.000000 0.000000 0.000000 1.000000
0.999489 -0.010020 0.030364 0.000000 0.012215 0.997259 -0.072970 9.203100 -0.029549 0.073304 0.996872 0.000000 0.000000 0.000000 0.000000 1.000000
0.999050 -0.030353 0.031257 -0.000000 0.033215 0.994873 -0.095520 9.203100 -0.028197 0.096467 0.994937 0.000000 0.000000 0.000000 0.000000 1.000000
0.998364 -0.050033 0.027669 -0.000000 0.053132 0.990633 -0.125792 9.203100 -0.021116 0.127056 0.991671 0.000000 0.000000 0.000000 0.000000 1.000000
0.997871 -0.062905 0.017187 0.000000 0.064821 0.985607 -0.156130 9.203100 -0.007119 0.156911 0.987587 0.000000 0.000000 0.000000 0.000000 1.000000
0.996763 -0.080346 0.002660 -0.000000 0.079530 0.980729 -0.178452 9.203100 0.011729 0.178086 0.983945 0.000000 0.000000 0.000000 0.000000 1.000000
0.995578 -0.093082 -0.012687 0.000000 0.088648 0.975556 -0.201076 9.203100 0.031093 0.199062 0.979494 0.000000 0.000000 0.000000 0.000000 1.000000
0.995987 -0.085224 -0.027314 0.000000 0.074846 0.960550 -0.267846 9.203100 0.049063 0.264727 0.963075 0.000000 0.000000 0.000000 0.000000 1.000000
0.997999 -0.052087 -0.035855 0.000000 0.038590 0.950864 -0.307193 9.203100 0.050094 0.305194 0.950972 0.000000 0.000000 0.000000 0.000000 1.000000
0.999202 -0.017782 -0.035765 0.000000 0.010926 0.982966 -0.183461 9.203100 0.038419 0.182923 0.982376 0.000000 0.000000 0.000000 0.000000 1.000000
0.998913 0.028209 -0.037109 0.000000 -0.033405 0.988448 -0.147835 9.203100 0.032510 0.148914 0.988316 0.000000 0.000000 0.000000 0.000000 1.000000
0.996353 0.079035 -0.032149 0.000000 -0.083951 0.975386 -0.203896 9.203100 0.015243 0.205852 0.978464 0.000000 0.000000 0.000000 0.000000 1.000000
0.991499 0.127078 -0.027934 0.000000 -0.130045 0.961026 -0.243960 9.203100 -0.004156 0.245519 0.969383 0.000000 0.000000 0.000000 0.000000 1.000000
0.986291 0.161695 -0.032942 0.000000 -0.164953 0.960519 -0.224038 9.203100 -0.004584 0.226401 0.974023 0.000000 0.000000 0.000000 0.000000 1.000000
0.983109 0.176670 -0.047785 0.000000 -0.182662 0.963454 -0.195939 9.203100 0.011422 0.201358 0.979451 -0.000000 0.000000 0.000000 0.000000 1.000000
0.982190 0.175954 -0.065907 0.000000 -0.185114 0.966284 -0.178966 9.203100 0.032195 0.187979 0.981645 0.000000 0.000000 0.000000 0.000000 1.000000
0.982903 0.166880 -0.077795 0.000000 -0.178130 0.968779 -0.172443 9.203100 0.046589 0.183352 0.981943 0.000000 0.000000 0.000000 0.000000 1.000000
0.985755 0.148089 -0.079734 0.000000 -0.159899 0.972166 -0.171250 9.203100 0.052155 0.181559 0.981996 0.000000 0.000000 0.000000 0.000000 1.000000
0.989299 0.119683 -0.083446 0.000000 -0.133008 0.974879 -0.178663 9.203100 0.059967 0.187850 0.980365 0.000000 0.000000 0.000000 0.000000 1.000000
0.990948 0.088553 -0.100900 0.000000 -0.107417 0.973831 -0.200286 9.203100 0.080524 0.209312 0.974528 -0.000000 0.000000 0.000000 0.000000 1.000000
0.988971 0.056293 -0.136992 -0.000000 -0.087622 0.968099 -0.234747 9.203100 0.119407 0.244161 0.962355 0.000000 0.000000 0.000000 0.000000 1.000000
0.982206 0.034542 -0.184604 0.000000 -0.084519 0.959077 -0.270236 9.203100 0.167715 0.281030 0.944931 0.000000 0.000000 0.000000 0.000000 1.000000
0.975220 0.027826 -0.219482 0.000000 -0.091748 0.953597 -0.286765 9.203100 0.201318 0.299796 0.932520 0.000000 0.000000 0.000000 0.000000 1.000000
0.973487 0.017557 -0.228068 -0.000000 -0.082670 0.956660 -0.279226 9.203100 0.213281 0.290677 0.932747 0.000000 0.000000 0.000000 0.000000 1.000000
0.976148 -0.006760 -0.217001 0.000000 -0.050476 0.965059 -0.257124 9.203100 0.211157 0.261945 0.941699 0.000000 0.000000 0.000000 0.000000 1.000000
0.978818 -0.040846 -0.200616 0.000000 -0.005655 0.974127 -0.225929 9.203100 0.204654 0.222278 0.953262 0.000000 0.000000 0.000000 0.000000 1.000000
0.981598 -0.068726 -0.178163 -0.000000 0.033558 0.980555 -0.193356 9.203100 0.187987 0.183819 0.964817 0.000000 0.000000 0.000000 0.000000 1.000000
0.985497 -0.088681 -0.144675 -0.000000 0.064390 0.984240 -0.164696 9.203100 0.157000 0.152991 0.975677 -0.000000 0.000000 0.000000 0.000000 1.000000
0.989154 -0.099945 -0.107638 -0.000000 0.083888 0.985933 -0.144566 9.203100 0.120572 0.133969 0.983623 0.000000 0.000000 0.000000 0.000000 1.000000
0.990658 -0.108673 -0.082389 0.000000 0.096447 0.985428 -0.140104 9.203100 0.096414 0.130849 0.986703 0.000000 0.000000 0.000000 0.000000 1.000000
0.990589 -0.116516 -0.071809 0.000000 0.105031 0.983543 -0.147008 9.203100 0.087756 0.138083 0.986525 0.000000 0.000000 0.000000 0.000000 1.000000
0.990252 -0.121272 -0.068517 0.000000 0.109564 0.981907 -0.154449 9.203100 0.086008 0.145436 0.985622 0.000000 0.000000 0.000000 0.000000 1.000000
0.990885 -0.118508 -0.064045 0.000000 0.107418 0.982027 -0.155194 9.203100 0.081286 0.146899 0.985806 -0.000000 0.000000 0.000000 0.000000 1.000000
0.992583 -0.107978 -0.055857 0.000000 0.098563 0.983730 -0.150202 9.203100 0.071167 0.143583 0.987076 0.000000 0.000000 0.000000 0.000000 1.000000
0.994447 -0.094286 -0.046743 0.000000 0.086774 0.985956 -0.142692 9.203100 0.059541 0.137844 0.988663 0.000000 0.000000 0.000000 0.000000 1.000000
0.996143 -0.078154 -0.039894 0.000000 0.072578 0.989375 -0.125978 9.203100 0.049316 0.122597 0.991230 0.000000 0.000000 0.000000 0.000000 1.000000
0.997400 -0.062359 -0.036128 -0.000000 0.059002 0.994413 -0.087535 9.203100 0.041385 0.085176 0.995506 -0.000000 0.000000 0.000000 0.000000 1.000000
0.998500 -0.048284 -0.025830 -0.000000 0.046619 0.997014 -0.061557 9.203100 0.028725 0.060261 0.997769 0.000000 0.000000 0.000000 0.000000 1.000000
0.999298 -0.036720 -0.007472 0.000000 0.035928 0.995524 -0.087408 9.203100 0.010648 0.087078 0.996145 -0.000000 0.000000 0.000000 0.000000 1.000000
0.999620 -0.024520 0.012565 -0.000000 0.026163 0.987738 -0.153912 9.203100 -0.008637 0.154183 0.988005 -0.000000 0.000000 0.000000 0.000000 1.000000
